23
23
23
23
23
23
23
23
23
23
23
23
23
23
23
23
23
23
23
23
23
23
23
23
23
23
23
23
23
23
23
23
13
11
19
38
31
37
29
17
16
16
24
22
12
18
11
23
27
20
27
27
27
27
27
27
27
27
13
13
17
23
18
24
41
33
28
27
32
28
27
31
35
25
30
27
25
40
36
36
23
39
29
31
31
33
29
47
33
29
32
17
25
17
25
28
25
23
27
23
26
25
23
24
26
13
18
24
12
35
24
24
24
23
22
22
21
23
22
32
27
23
25
16
19
16
27
23
27
23
13
19
19
29
27
27
25
56
31
17
54
23
32
23
23
8
8
18
18
17
20
40
24
41
22
17
41
23
25
29
13
11
28
35
28
29
18
29
25
35
23
26
22
18
36
28
19
22
29
29
24
23
31
11
25
29
21
26
29
29
29
24
33
33
33
33
33
33
50
27
28
28
28
28
25
25
25
25
32
36
36
36
36
36
36
22
36
33
33
33
33
29
23
21
23
23
23
23
23
23
41
23
25
25
25
25
13
13
13
13
23
24
24
24
24
24
24
22
24
23
23
23
23
23
24
19